1.109110400703125000e+08 4.120000061392784119e+03
1.109110401953125000e+08 4.200000062584877014e+03
1.109110403203125000e+08 4.238400063157081604e+03
1.109110404453125000e+08 4.308800064206123352e+03
1.109110405703125000e+08 4.350400064826011658e+03
1.109110406953125000e+08 4.187200062394142151e+03
1.109110408203125000e+08 4.150400061845779419e+03
1.109110409453125000e+08 4.310400064229965210e+03
1.109110410703125000e+08 4.033600060105323792e+03
1.109110411953125000e+08 3.992000059485435486e+03
1.109110413203125000e+08 4.225600062966346741e+03
1.109110414453125000e+08 4.113600061297416687e+03
1.109110415703125000e+08 4.297600064039230347e+03
1.109110416953125000e+08 4.193600062489509583e+03
1.109110418203125000e+08 4.355200064897537231e+03
1.109110419453125000e+08 3.976000059247016907e+03
1.109110420703125000e+08 4.196800062537193298e+03
1.109110421953125000e+08 4.000000059604644775e+03
1.109110423203125000e+08 4.019200059890747070e+03
1.109110424453125000e+08 3.958400058984756470e+03
1.109110425703125000e+08 4.065600060582160950e+03
1.109110426953125000e+08 4.315200064301490784e+03
1.109110428203125000e+08 4.361600064992904663e+03
1.109110429453125000e+08 4.104000061154365540e+03
