0.000 3830.000 61.887 0.500 2800.000 1300.000 0.000 0.000
1.000 3791.000 61.571 0.500 2772.931 1291.379 0.000 0.000
2.000 3681.000 60.671 0.500 2745.940 1282.759 0.000 0.000
3.000 3605.000 60.042 0.500 2719.109 1274.138 0.000 0.000
4.000 3815.000 61.766 0.500 2692.515 1265.517 0.000 0.000
5.000 3785.000 61.522 0.500 2666.236 1256.897 0.000 0.000
6.000 3733.000 61.098 0.500 2640.349 1248.276 0.000 0.000
7.000 3889.000 62.362 0.500 2614.931 1239.655 0.000 0.000
51.000 3726.000 61.041 0.500 2614.931 860.345 0.000 0.000
52.000 3763.000 61.343 0.500 2640.349 851.724 0.000 0.000
53.000 3744.000 61.188 0.500 2666.236 843.103 0.000 0.000
54.000 3839.000 61.960 0.500 2692.515 834.483 0.000 0.000
55.000 3864.000 62.161 0.500 2719.109 825.862 0.000 0.000
56.000 3812.000 61.741 0.500 2745.940 817.241 0.000 0.000
57.000 3741.000 61.164 0.500 2772.931 808.621 0.000 0.000
58.000 3828.000 61.871 0.500 2800.000 800.000 0.000 0.000
