0 3830 61.886993 0.5
1 3791 61.5711 0.5
2 3681 60.671246 0.5
3 3605 60.041653 0.5
4 3815 61.765686 0.5
5 3785 61.522354 0.5
6 3733 61.09828 0.5
7 3889 62.361847 0.5
8 3762 61.335144 0.5
9 3725 61.03278 0.5
10 3854 62.080593 0.5
11 3785 61.522354 0.5
12 3797 61.6198 0.5
13 3758 61.30253 0.5
14 3776 61.449165 0.5
15 3799 61.63603 0.5
16 3646 60.38212 0.5
17 3705 60.86871 0.5
18 3742 61.17189 0.5
19 3922 62.625874 0.5
20 3674 60.61353 0.5
21 3926 62.657803 0.5
22 3791 61.5711 0.5
23 3739 61.14736 0.5
24 3817 61.781876 0.5
25 3788 61.54673 0.5
26 3623 60.19136 0.5
27 3721 61 0.5
28 3712 60.926186 0.5
29 3716 60.959003 0.5
30 3674 60.61353 0.5
31 3831 61.895073 0.5
32 3743 61.18006 0.5
33 3705 60.86871 0.5
34 3794 61.595455 0.5
35 3841 61.975803 0.5
36 3802 61.66036 0.5
37 3679 60.654762 0.5
38 3813 61.749493 0.5
39 3691 60.7536 0.5
40 3832 61.90315 0.5
41 3823 61.830414 0.5
42 3787 61.538605 0.5
43 3880 62.289646 0.5
44 3736 61.122826 0.5
45 3677 60.63827 0.5
46 3693 60.770058 0.5
47 3663 60.522724 0.5
48 3719 60.983604 0.5
49 3920 62.609905 0.5
50 3726 61.04097 0.5
51 3726 61.04097 0.5
52 3763 61.343296 0.5
53 3744 61.188232 0.5
54 3839 61.959663 0.5
55 3864 62.16108 0.5
56 3812 61.741398 0.5
57 3741 61.163715 0.5
58 3828 61.870834 0.5
59 3803 61.66847 0.5
60 3804 61.676575 0.5
61 3764 61.351448 0.5
62 3804 61.676575 0.5
63 3791 61.5711 0.5
64 3779 61.47357 0.5
65 3848 62.03225 0.5
66 3787 61.538605 0.5
67 3707 60.88514 0.5
68 3751 61.245407 0.5
69 3751 61.245407 0.5
70 3797 61.6198 0.5
71 3680 60.663002 0.5
72 3674 60.61353 0.5
73 3715 60.950798 0.5
74 3596 59.966656 0.5
75 3682 60.679485 0.5
76 3785 61.522354 0.5
77 3745 61.196404 0.5
78 3840 61.967735 0.5
79 3681 60.671246 0.5
80 3876 62.25753 0.5
81 3737 61.13101 0.5
82 3802 61.66036 0.5
83 3808 61.708996 0.5
84 3691 60.7536 0.5
85 3803 61.66847 0.5
86 3739 61.14736 0.5
87 3777 61.457302 0.5
88 3948 62.83311 0.5
89 3870 62.209324 0.5
90 3706 60.876926 0.5
91 3769 61.39218 0.5
92 3719 60.983604 0.5
93 3760 61.31884 0.5
94 3681 60.671246 0.5
95 3756 61.286213 0.5
96 3723 61.01639 0.5 
97 3775 61.44103 0.5 
98 3781 61.489838 0.5 
99 3814 61.75759 0.5
100 3658 60.481403 0.5
 