0.000 0.500 3830.000 61.887 2800.000 0.000 1300.000 0.000
1.000 0.500 3791.000 61.571 2772.931 0.000 1291.379 0.000
2.000 0.500 3681.000 60.671 2745.940 0.000 1282.759 0.000
3.000 0.500 3605.000 60.042 2719.109 0.000 1274.138 0.000
4.000 0.500 3815.000 61.766 2692.515 0.000 1265.517 0.000
5.000 0.500 3785.000 61.522 2666.236 0.000 1256.897 0.000
6.000 0.500 3733.000 61.098 2640.349 0.000 1248.276 0.000
7.000 0.500 3889.000 62.362 2614.931 0.000 1239.655 0.000
8.000 0.500 3762.000 61.335 2590.055 0.000 1231.034 0.000
9.000 0.500 3725.000 61.033 2565.796 0.000 1222.414 0.000
10.000 0.500 3854.000 62.081 2542.223 0.000 1213.793 0.000
11.000 0.500 3785.000 61.522 2519.406 0.000 1205.172 0.000
12.000 0.500 3797.000 61.620 2497.413 0.000 1196.552 0.000
13.000 0.500 3758.000 61.303 2476.307 0.000 1187.931 0.000
14.000 0.500 3776.000 61.449 2456.150 0.000 1179.310 0.000
15.000 0.500 3799.000 61.636 2437.002 0.000 1170.690 0.000
16.000 0.500 3646.000 60.382 2418.919 0.000 1162.069 0.000
17.000 0.500 3705.000 60.869 2401.953 0.000 1153.448 0.000
18.000 0.500 3742.000 61.172 2386.156 0.000 1144.828 0.000
19.000 0.500 3922.000 62.626 2371.571 0.000 1136.207 0.000
20.000 0.500 3674.000 60.614 2358.244 0.000 1127.586 0.000
21.000 0.500 3926.000 62.658 2346.212 0.000 1118.966 0.000
22.000 0.500 3791.000 61.571 2335.512 0.000 1110.345 0.000
23.000 0.500 3739.000 61.147 2326.173 0.000 1101.724 0.000
24.000 0.500 3817.000 61.782 2318.225 0.000 1093.103 0.000
25.000 0.500 3788.000 61.547 2311.690 0.000 1084.483 0.000
26.000 0.500 3623.000 60.191 2306.587 0.000 1075.862 0.000
27.000 0.500 3721.000 61.000 2302.931 0.000 1067.241 0.000
28.000 0.500 3712.000 60.926 2300.733 0.000 1058.621 0.000
29.000 0.500 3716.000 60.959 2300.000 0.000 1050.000 0.000
30.000 0.500 3674.000 60.614 2300.733 0.000 1041.379 0.000
31.000 0.500 3831.000 61.895 2302.931 0.000 1032.759 0.000
32.000 0.500 3743.000 61.180 2306.587 0.000 1024.138 0.000
33.000 0.500 3705.000 60.869 2311.690 0.000 1015.517 0.000
34.000 0.500 3794.000 61.595 2318.225 0.000 1006.897 0.000
35.000 0.500 3841.000 61.976 2326.173 0.000 998.276 0.000
36.000 0.500 3802.000 61.660 2335.512 0.000 989.655 0.000
37.000 0.500 3679.000 60.655 2346.212 0.000 981.034 0.000
38.000 0.500 3813.000 61.749 2358.244 0.000 972.414 0.000
39.000 0.500 3691.000 60.754 2371.571 0.000 963.793 0.000
40.000 0.500 3832.000 61.903 2386.156 0.000 955.172 0.000
41.000 0.500 3823.000 61.830 2401.953 0.000 946.552 0.000
42.000 0.500 3787.000 61.539 2418.919 0.000 937.931 0.000
43.000 0.500 3880.000 62.290 2437.002 0.000 929.310 0.000
44.000 0.500 3736.000 61.123 2456.150 0.000 920.690 0.000
45.000 0.500 3677.000 60.638 2476.307 0.000 912.069 0.000
46.000 0.500 3693.000 60.770 2497.413 0.000 903.448 0.000
47.000 0.500 3663.000 60.523 2519.406 0.000 894.828 0.000
48.000 0.500 3719.000 60.984 2542.223 0.000 886.207 0.000
49.000 0.500 3920.000 62.610 2565.796 0.000 877.586 0.000
50.000 0.500 3726.000 61.041 2590.055 0.000 868.966 0.000
51.000 0.500 3726.000 61.041 2614.931 0.000 860.345 0.000
52.000 0.500 3763.000 61.343 2640.349 0.000 851.724 0.000
53.000 0.500 3744.000 61.188 2666.236 0.000 843.103 0.000
54.000 0.500 3839.000 61.960 2692.515 0.000 834.483 0.000
55.000 0.500 3864.000 62.161 2719.109 0.000 825.862 0.000
56.000 0.500 3812.000 61.741 2745.940 0.000 817.241 0.000
57.000 0.500 3741.000 61.164 2772.931 0.000 808.621 0.000
58.000 0.500 3828.000 61.871 2800.000 0.000 800.000 0.000
