0 0.5 3830 61.886993 0 0.5 3830 61.886993
1 0.5 3791 61.5711 1 0.5 3791 61.5711
2 0.5 3681 60.671246 2 0.5 3681 60.671246
3 0.5 3605 60.041653 3 0.5 3605 60.041653
4 0.5 3815 61.765686 4 0.5 3815 61.765686
5 0.5 3785 61.522354 5 0.5 3785 61.522354
6 0.5 3733 61.09828 6 0.5 3733 61.09828
7 0.5 3889 62.361847 7 0.5 3889 62.361847
8 0.5 3762 61.335144 8 0.5 3762 61.335144
9 0.5 3725 61.03278 9 0.5 3725 61.03278
10 0.5 3854 62.080593 10 0.5 3854 62.080593
11 0.5 3785 61.522354 11 0.5 3785 61.522354
12 0.5 3797 61.6198 12 0.5 3797 61.6198
13 0.5 3758 61.30253 13 0.5 3758 61.30253
14 0.5 3776 61.449165 14 0.5 3776 61.449165
15 0.5 3799 61.63603 15 0.5 3799 61.63603
16 0.5 3646 60.38212 16 0.5 3646 60.38212
17 0.5 3705 60.86871 17 0.5 3705 60.86871
18 0.5 3742 61.17189 18 0.5 3742 61.17189
19 0.5 3922 62.625874 19 0.5 3922 62.625874
20 0.5 3674 60.61353 20 0.5 3674 60.61353
21 0.5 3926 62.657803 21 0.5 3926 62.657803
22 0.5 3791 61.5711 22 0.5 3791 61.5711
23 0.5 3739 61.14736 23 0.5 3739 61.14736
24 0.5 3817 61.781876 24 0.5 3817 61.781876
25 0.5 3788 61.54673 25 0.5 3788 61.54673
26 0.5 3623 60.19136 26 0.5 3623 60.19136
27 0.5 3721 61 27 0.5 3721 61
28 0.5 3712 60.926186 28 0.5 3712 60.926186
29 0.5 3716 60.959003 29 0.5 3716 60.959003
30 0.5 3674 60.61353 30 0.5 3674 60.61353
31 0.5 3831 61.895073 31 0.5 3831 61.895073
32 0.5 3743 61.18006 32 0.5 3743 61.18006
33 0.5 3705 60.86871 33 0.5 3705 60.86871
34 0.5 3794 61.595455 34 0.5 3794 61.595455
35 0.5 3841 61.975803 35 0.5 3841 61.975803
36 0.5 3802 61.66036 36 0.5 3802 61.66036
37 0.5 3679 60.654762 37 0.5 3679 60.654762
38 0.5 3813 61.749493 38 0.5 3813 61.749493
39 0.5 3691 60.7536 39 0.5 3691 60.7536
40 0.5 3832 61.90315 40 0.5 3832 61.90315
41 0.5 3823 61.830414 41 0.5 3823 61.830414
42 0.5 3787 61.538605 42 0.5 3787 61.538605
43 0.5 3880 62.289646 43 0.5 3880 62.289646
44 0.5 3736 61.122826 44 0.5 3736 61.122826
45 0.5 3677 60.63827 45 0.5 3677 60.63827
46 0.5 3693 60.770058 46 0.5 3693 60.770058
47 0.5 3663 60.522724 47 0.5 3663 60.522724
48 0.5 3719 60.983604 48 0.5 3719 60.983604
49 0.5 3920 62.609905 49 0.5 3920 62.609905
50 0.5 3726 61.04097 50 0.5 3726 61.04097
51 0.5 3726 61.04097 51 0.5 3726 61.04097
52 0.5 3763 61.343296 52 0.5 3763 61.343296
53 0.5 3744 61.188232 53 0.5 3744 61.188232
54 0.5 3839 61.959663 54 0.5 3839 61.959663
55 0.5 3864 62.16108 55 0.5 3864 62.16108
56 0.5 3812 61.741398 56 0.5 3812 61.741398
57 0.5 3741 61.163715 57 0.5 3741 61.163715
58 0.5 3828 61.870834 58 0.5 3828 61.870834
