0 3830 61.886993 0.5 0 3830 61.886993 0.5
1 3791 61.5711 0.5 1 3791 61.5711 0.5
2 3681 60.671246 0.5 2 3681 60.671246 0.5
3 3605 60.041653 0.5 3 3605 60.041653 0.5
4 3815 61.765686 0.5 4 3815 61.765686 0.5
5 3785 61.522354 0.5 5 3785 61.522354 0.5
6 3733 61.09828 0.5 6 3733 61.09828 0.5
7 3889 62.361847 0.5 7 3889 62.361847 0.5
8 3762 61.335144 0.5 8 3762 61.335144 0.5
9 3725 61.03278 0.5 9 3725 61.03278 0.5
10 3854 62.080593 0.5 10 3854 62.080593 0.5
11 3785 61.522354 0.5 11 3785 61.522354 0.5
12 3797 61.6198 0.5 12 3797 61.6198 0.5
13 3758 61.30253 0.5 13 3758 61.30253 0.5
14 3776 61.449165 0.5 14 3776 61.449165 0.5
15 3799 61.63603 0.5 15 3799 61.63603 0.5
16 3646 60.38212 0.5 16 3646 60.38212 0.5
17 3705 60.86871 0.5 17 3705 60.86871 0.5
18 3742 61.17189 0.5 18 3742 61.17189 0.5
19 3922 62.625874 0.5 19 3922 62.625874 0.5
20 3674 60.61353 0.5 20 3674 60.61353 0.5
21 3926 62.657803 0.5 21 3926 62.657803 0.5
22 3791 61.5711 0.5 22 3791 61.5711 0.5
23 3739 61.14736 0.5 23 3739 61.14736 0.5
24 3817 61.781876 0.5 24 3817 61.781876 0.5
25 3788 61.54673 0.5 25 3788 61.54673 0.5
26 3623 60.19136 0.5 26 3623 60.19136 0.5
27 3721 61 0.5 27 3721 61 0.5
28 3712 60.926186 0.5 28 3712 60.926186 0.5
29 3716 60.959003 0.5 29 3716 60.959003 0.5
30 3674 60.61353 0.5 30 3674 60.61353 0.5
31 3831 61.895073 0.5 31 3831 61.895073 0.5
32 3743 61.18006 0.5 32 3743 61.18006 0.5
33 3705 60.86871 0.5 33 3705 60.86871 0.5
34 3794 61.595455 0.5 34 3794 61.595455 0.5
35 3841 61.975803 0.5 35 3841 61.975803 0.5
36 3802 61.66036 0.5 36 3802 61.66036 0.5
37 3679 60.654762 0.5 37 3679 60.654762 0.5
38 3813 61.749493 0.5 38 3813 61.749493 0.5
39 3691 60.7536 0.5 39 3691 60.7536 0.5
40 3832 61.90315 0.5 40 3832 61.90315 0.5
41 3823 61.830414 0.5 41 3823 61.830414 0.5
42 3787 61.538605 0.5 42 3787 61.538605 0.5
43 3880 62.289646 0.5 43 3880 62.289646 0.5
44 3736 61.122826 0.5 44 3736 61.122826 0.5
45 3677 60.63827 0.5 45 3677 60.63827 0.5
46 3693 60.770058 0.5 46 3693 60.770058 0.5
47 3663 60.522724 0.5 47 3663 60.522724 0.5
48 3719 60.983604 0.5 48 3719 60.983604 0.5
49 3920 62.609905 0.5 49 3920 62.609905 0.5
50 3726 61.04097 0.5 50 3726 61.04097 0.5
51 3726 61.04097 0.5 51 3726 61.04097 0.5
52 3763 61.343296 0.5 52 3763 61.343296 0.5
53 3744 61.188232 0.5 53 3744 61.188232 0.5
54 3839 61.959663 0.5 54 3839 61.959663 0.5
55 3864 62.16108 0.5 55 3864 62.16108 0.5
56 3812 61.741398 0.5 56 3812 61.741398 0.5
57 3741 61.163715 0.5 57 3741 61.163715 0.5
58 3828 61.870834 0.5 58 3828 61.870834 0.5
